File ADT# Time#1       Time#2       Time#3      Ignore
File1 1   0.07659     0.071879     0.074342           
File2 1   121.285     122.408     122.931           
File3 1   0.058011     0.054186     0.054873           
File4 1   97.6365     99.5928     97.691           
File1 2   0.082514     0.077659     0.07719           
File2 2   341.686     341.319     341.307           
File3 2   0.080835     0.078616     0.078476           
File4 2   171.985     208.904     208.656           
File1 3   0.054448     0.051633     0.051191           
File2 3   0.050492     0.050361     0.050224           
File3 3   0.050558     0.05039     0.050197           
File4 3   0.056586     0.055059     0.057016           
File1 4   0.06361     0.065105     0.071337           
File2 4   0.052342     0.052778     0.052234           
File3 4   0.052894     0.052877     0.052804           
File4 4   0.05811     0.057237     0.057164           
File1 5   0.053125     0.052885     0.052609           
File2 5   0.052894     0.052878     0.052614           
File3 5   0.052714     0.052635     0.052494           
File4 5   0.05761     0.057367     0.057415           
File1 6   0.161528     0.186341     0.21908           
File2 6   0.127594     0.136044     0.144923           
File3 6   0.146199     0.156414     0.168971           
File4 6   0.369398     0.485291     0.497348           
